0, 195, 282, 293, 362, 
0, 188, 200, 204, 206, 365, 375, 
0, 109, 450, 
0, 113, 115, 123, 182, 190, 
0, 112, 113, 115, 118, 122, 
0, 190, 201, 381, 450, 
0, 186, 287, 362, 369, 
0, 189, 190, 361, 
0, 98, 187, 191, 196, 
0, 103, 121, 276, 468, 
0, 96, 211, 288, 
0, 189, 201, 376, 452, 458, 460, 
0, 106, 120, 196, 364, 454, 459, 
0, 211, 216, 
0, 107, 198, 270, 281, 450, 
0, 270, 299, 360, 450, 454, 460, 
0, 115, 116, 122, 124, 288, 450, 459, 
0, 104, 119, 131, 137, 198, 199, 
0, 191, 271, 
0, 98, 180, 278, 379, 
0, 130, 369, 380, 
0, 206, 273, 364, 365, 383, 
0, 95, 107, 191, 364, 
0, 98, 362, 368, 376, 
0, 109, 193, 
0, 118, 202, 451, 
0, 99, 290, 
0, 100, 120, 124, 137, 181, 364, 452, 
0, 183, 207, 280, 
0, 116, 185, 367, 
0, 101, 458, 
0, 107, 112, 285, 
0, 128, 132, 198, 210, 270, 453, 
0, 117, 278, 
0, 114, 378, 
0, 101, 293, 363, 
0, 101, 119, 360, 370, 
0, 95, 184, 189, 374, 450, 
0, 132, 186, 271, 457, 458, 
0, 114, 377, 460, 465, 
0, 96, 101, 
0, 129, 270, 296, 
0, 195, 283, 291, 360, 365, 
0, 101, 380, 
0, 212, 365, 450, 466, 467, 
0, 134, 270, 
0, 105, 197, 362, 
0, 103, 278, 361, 
0, 104, 371, 
0, 112, 280, 
0, 112, 184, 469, 
0, 270, 360, 460, 
0, 106, 272, 284, 380, 459, 
0, 107, 206, 451, 458, 
0, 93, 377, 
0, 126, 190, 
0, 124, 202, 274, 275, 450, 
0, 192, 366, 383, 457, 466, 
0, 195, 273, 365, 366, 367, 455, 464, 
0, 106, 181, 368, 
0, 111, 376, 460, 467, 
0, 118, 210, 213, 
0, 121, 193, 363, 459, 
0, 109, 111, 114, 127, 293, 362, 366, 370, 459, 
0, 134, 277, 287, 450, 
0, 198, 284, 451, 
0, 127, 180, 281, 
0, 113, 115, 206, 
0, 89, 
0, 111, 128, 366, 381, 
0, 95, 118, 368, 379, 383, 464, 
0, 95, 107, 124, 461, 
0, 98, 116, 363, 373, 
0, 208, 279, 361, 366, 456, 
0, 181, 186, 200, 364, 
0, 185, 189, 272, 371, 450, 
0, 121, 287, 293, 294, 456, 
0, 120, 279, 282, 364, 370, 
0, 126, 295, 364, 461, 
0, 197, 274, 290, 291, 
0, 123, 270, 466, 
0, 200, 211, 286, 450, 
0, 100, 364, 367, 377, 
0, 91, 104, 
0, 116, 293, 456, 
0, 115, 190, 272, 366, 
0, 126, 188, 369, 456, 
0, 120, 368, 455, 471, 
0, 95, 285, 453, 
0, 205, 208, 371, 465, 
0, 98, 275, 
0, 180, 197, 204, 205, 
0, 115, 295, 367, 
0, 117, 287, 
0, 119, 206, 270, 
0, 118, 180, 
0, 140, 190, 383, 
0, 100, 275, 285, 450, 
0, 188, 189, 
0, 126, 291, 461, 
0, 126, 200, 376, 
0, 198, 361, 373, 450, 456, 
0, 94, 198, 199, 200, 
0, 181, 205, 211, 363, 373, 
0, 114, 122, 362, 370, 
0, 101, 135, 457, 
0, 107, 124, 184, 195, 291, 
0, 97, 101, 185, 
0, 199, 285, 454, 
0, 118, 123, 360, 377, 
0, 118, 182, 188, 270, 
0, 102, 118, 124, 450, 458, 
0, 99, 459, 
0, 109, 132, 203, 451, 458, 463, 
0, 104, 271, 283, 
0, 129, 298, 370, 
0, 105, 110, 180, 
0, 106, 113, 
0, 189, 381, 
0, 97, 
0, 102, 115, 
