0, 93, 103, 107, 113, 115, 116, 117, 131, 132, 133, 134, 135, 136, 137, 138, 139, 140, 152, 
0, 100, 108, 110, 111, 113, 122, 125, 126, 130, 134, 135, 136, 137, 464, 
0, 100, 102, 104, 107, 115, 120, 121, 127, 128, 131, 132, 134, 135, 136, 152, 410, 411, 412, 
0, 100, 107, 108, 109, 110, 111, 112, 114, 130, 133, 135, 137, 138, 
0, 92, 110, 114, 116, 121, 125, 126, 132, 135, 164, 272, 282, 293, 
0, 93, 98, 106, 107, 108, 109, 113, 114, 116, 119, 120, 121, 124, 130, 131, 135, 136, 139, 362, 380, 
0, 93, 99, 102, 117, 120, 121, 125, 126, 127, 132, 133, 136, 137, 138, 142, 180, 187, 201, 410, 411, 412, 413, 
0, 96, 97, 102, 105, 107, 108, 109, 110, 111, 112, 113, 114, 115, 116, 117, 119, 121, 122, 126, 127, 129, 130, 131, 132, 133, 134, 135, 136, 137, 138, 139, 140, 141, 145, 153, 
0, 88, 99, 109, 120, 121, 122, 123, 128, 130, 132, 133, 134, 153, 
0, 99, 105, 107, 111, 118, 123, 128, 132, 136, 
0, 91, 101, 104, 105, 109, 110, 117, 118, 119, 120, 121, 122, 124, 126, 127, 128, 129, 130, 131, 132, 133, 134, 
0, 187, 189, 190, 191, 192, 193, 194, 195, 196, 210, 221, 230, 231, 232, 235, 236, 250, 260, 261, 262, 263, 264, 265, 266, 267, 268, 270, 272, 290, 292, 293, 294, 295, 300, 301, 302, 303, 304, 305, 306, 307, 308, 309, 310, 311, 312, 313, 314, 320, 330, 331, 332, 340, 341, 343, 344, 345, 350, 360, 370, 371, 372, 373, 374, 380, 410, 412, 420, 430, 431, 460, 480, 
0, 97, 102, 103, 108, 117, 121, 122, 124, 125, 126, 131, 132, 133, 134, 136, 137, 138, 181, 340, 420, 421, 422, 462, 
0, 96, 101, 102, 103, 104, 107, 115, 116, 117, 118, 119, 120, 121, 122, 123, 124, 125, 126, 127, 128, 129, 133, 134, 135, 136, 138, 139, 140, 141, 465, 
0, 96, 107, 108, 109, 114, 115, 116, 117, 120, 121, 132, 136, 137, 143, 182, 188, 195, 368, 
0, 106, 110, 111, 112, 115, 116, 117, 120, 125, 126, 128, 132, 136, 
0, 89, 99, 104, 109, 111, 113, 123, 124, 130, 137, 198, 
0, 77, 90, 99, 101, 102, 103, 104, 107, 109, 110, 111, 112, 113, 114, 115, 116, 117, 118, 119, 120, 121, 122, 123, 124, 125, 126, 127, 128, 129, 130, 131, 132, 133, 134, 
0, 97, 102, 105, 106, 108, 114, 120, 126, 127, 128, 131, 132, 133, 134, 180, 181, 283, 300, 410, 
0, 95, 98, 100, 105, 106, 107, 108, 109, 110, 111, 112, 113, 114, 115, 116, 117, 118, 119, 120, 121, 123, 124, 125, 126, 127, 128, 129, 130, 131, 132, 133, 134, 135, 136, 137, 140, 148, 151, 156, 163, 
0, 101, 106, 112, 127, 134, 463, 
0, 95, 97, 104, 105, 108, 111, 112, 113, 114, 116, 117, 119, 120, 121, 122, 125, 129, 130, 131, 132, 133, 134, 137, 138, 139, 140, 148, 157, 
0, 91, 106, 108, 109, 111, 113, 116, 119, 122, 126, 127, 129, 130, 134, 135, 136, 141, 260, 261, 271, 283, 287, 301, 302, 340, 400, 401, 402, 421, 
0, 104, 106, 110, 111, 114, 116, 117, 118, 119, 126, 127, 131, 132, 133, 134, 135, 136, 137, 138, 410, 
0, 187, 188, 189, 190, 191, 192, 193, 194, 195, 196, 197, 198, 199, 200, 201, 202, 203, 204, 210, 211, 212, 213, 214, 215, 216, 217, 220, 221, 230, 234, 240, 241, 242, 243, 244, 252, 260, 270, 271, 272, 281, 290, 292, 294, 300, 302, 310, 311, 320, 330, 331, 332, 333, 340, 350, 351, 382, 383, 390, 391, 400, 401, 402, 410, 411, 412, 413, 420, 421, 422, 430, 440, 450, 460, 470, 471, 480, 490, 491, 
0, 106, 107, 112, 114, 115, 116, 117, 118, 119, 122, 128, 132, 134, 136, 137, 199, 292, 
0, 96, 100, 108, 122, 125, 126, 130, 131, 132, 133, 134, 410, 411, 412, 413, 
0, 91, 104, 105, 107, 108, 110, 118, 119, 120, 121, 123, 124, 126, 128, 132, 133, 135, 139, 294, 
0, 95, 109, 119, 120, 124, 125, 127, 129, 130, 132, 133, 134, 138, 260, 261, 292, 301, 302, 303, 350, 351, 
0, 188, 190, 191, 192, 193, 194, 195, 196, 197, 212, 213, 214, 215, 216, 230, 231, 235, 236, 240, 242, 250, 252, 260, 261, 262, 263, 264, 265, 270, 273, 280, 293, 294, 300, 301, 302, 303, 304, 305, 306, 310, 311, 312, 320, 330, 331, 332, 340, 350, 351, 370, 371, 372, 380, 390, 400, 401, 410, 420, 430, 431, 440, 441, 460, 461, 
0, 95, 103, 104, 105, 107, 110, 111, 115, 116, 117, 118, 119, 120, 121, 122, 123, 124, 125, 126, 127, 128, 129, 130, 131, 132, 133, 134, 135, 136, 137, 138, 139, 140, 141, 142, 143, 144, 180, 
0, 188, 189, 190, 191, 192, 193, 194, 195, 196, 197, 198, 199, 200, 201, 202, 203, 212, 213, 214, 220, 221, 231, 233, 234, 235, 236, 240, 241, 242, 243, 244, 245, 246, 247, 248, 249, 250, 251, 252, 253, 254, 260, 261, 262, 263, 264, 273, 274, 282, 283, 290, 300, 301, 310, 311, 312, 313, 320, 331, 340, 341, 342, 350, 371, 380, 381, 400, 401, 402, 410, 411, 420, 421, 430, 440, 480, 490, 
0, 92, 101, 103, 111, 114, 115, 129, 132, 133, 138, 145, 
0, 102, 103, 104, 113, 133, 135, 150, 293, 360, 363, 431, 432, 433, 434, 435, 
0, 103, 107, 112, 113, 115, 118, 121, 122, 123, 124, 127, 134, 136, 137, 154, 177, 190, 191, 280, 281, 282, 330, 368, 372, 400, 440, 
0, 95, 99, 100, 103, 105, 107, 111, 114, 115, 116, 120, 121, 122, 123, 125, 126, 127, 130, 133, 136, 139, 141, 270, 282, 294, 451, 457, 
0, 102, 104, 108, 109, 110, 111, 112, 113, 114, 121, 125, 126, 127, 131, 132, 133, 134, 135, 136, 137, 138, 139, 141, 
0, 97, 108, 109, 112, 114, 117, 126, 129, 134, 135, 136, 140, 141, 146, 148, 183, 185, 200, 
0, 91, 99, 104, 108, 109, 110, 111, 112, 115, 118, 119, 132, 133, 134, 135, 
0, 99, 112, 119, 123, 126, 132, 136, 291, 340, 375, 420, 421, 
0, 92, 100, 102, 104, 109, 110, 111, 114, 115, 118, 121, 122, 123, 125, 127, 128, 129, 130, 132, 133, 134, 135, 136, 137, 138, 139, 140, 141, 146, 
0, 189, 190, 191, 192, 193, 194, 195, 210, 211, 212, 213, 214, 215, 216, 217, 218, 219, 220, 234, 235, 240, 241, 242, 243, 250, 260, 264, 265, 271, 272, 280, 281, 282, 292, 293, 294, 300, 301, 310, 312, 320, 321, 322, 330, 340, 341, 342, 350, 351, 370, 371, 372, 380, 381, 390, 391, 410, 411, 412, 420, 421, 442, 454, 460, 461, 462, 463, 470, 480, 481, 482, 
0, 100, 106, 107, 108, 111, 112, 114, 115, 116, 117, 119, 121, 122, 123, 124, 125, 126, 127, 128, 129, 130, 131, 132, 133, 134, 135, 136, 137, 138, 139, 140, 141, 142, 145, 
0, 99, 101, 102, 106, 107, 111, 115, 118, 119, 120, 130, 131, 132, 133, 134, 135, 136, 
0, 103, 104, 107, 108, 119, 120, 125, 126, 127, 128, 129, 131, 132, 133, 135, 197, 200, 270, 
0, 99, 100, 101, 106, 113, 114, 115, 122, 123, 124, 125, 131, 132, 133, 138, 140, 149, 
0, 95, 109, 121, 122, 127, 131, 132, 133, 134, 135, 
0, 87, 102, 103, 104, 123, 124, 131, 132, 133, 
0, 191, 210, 211, 212, 213, 214, 215, 216, 231, 232, 233, 234, 235, 236, 237, 238, 239, 240, 241, 242, 260, 261, 262, 270, 271, 272, 273, 274, 275, 276, 277, 280, 281, 292, 293, 294, 295, 300, 301, 302, 310, 311, 320, 321, 322, 330, 340, 341, 350, 351, 360, 361, 362, 363, 364, 370, 371, 390, 391, 400, 420, 430, 440, 441, 453, 470, 471, 472, 480, 481, 
0, 97, 102, 103, 104, 105, 106, 107, 108, 109, 110, 115, 116, 117, 118, 119, 120, 121, 122, 123, 124, 125, 126, 127, 128, 129, 133, 134, 135, 136, 137, 141, 
0, 103, 104, 105, 106, 110, 111, 112, 115, 116, 117, 118, 119, 120, 121, 122, 123, 124, 125, 126, 127, 129, 130, 131, 134, 135, 141, 292, 293, 294, 350, 351, 360, 361, 440, 
0, 93, 99, 108, 109, 110, 111, 112, 113, 114, 115, 116, 117, 118, 119, 120, 121, 122, 123, 124, 125, 126, 127, 128, 129, 130, 131, 132, 133, 134, 135, 136, 137, 138, 139, 140, 145, 149, 
0, 93, 96, 99, 102, 104, 105, 106, 107, 108, 109, 110, 111, 112, 113, 114, 115, 116, 119, 120, 121, 123, 124, 125, 126, 127, 128, 129, 130, 131, 132, 133, 134, 135, 136, 137, 138, 140, 143, 
0, 90, 94, 103, 105, 107, 108, 109, 110, 111, 113, 117, 119, 120, 122, 123, 126, 127, 130, 134, 135, 137, 
0, 92, 104, 110, 113, 118, 123, 135, 360, 410, 
0, 98, 99, 103, 109, 111, 120, 121, 122, 123, 124, 125, 126, 127, 128, 129, 134, 138, 139, 143, 145, 182, 207, 
0, 102, 103, 105, 107, 113, 119, 125, 129, 134, 137, 
0, 92, 99, 107, 108, 109, 110, 114, 115, 116, 118, 128, 132, 133, 134, 135, 136, 137, 138, 139, 140, 450, 
0, 101, 110, 111, 112, 113, 116, 117, 118, 119, 122, 123, 125, 126, 127, 129, 130, 133, 135, 138, 151, 153, 230, 231, 262, 263, 264, 330, 390, 
0, 87, 107, 111, 128, 129, 131, 132, 136, 137, 
0, 103, 104, 111, 112, 116, 117, 118, 119, 120, 121, 122, 127, 128, 130, 132, 133, 134, 138, 139, 289, 410, 411, 412, 413, 
0, 96, 100, 102, 107, 108, 109, 110, 111, 112, 113, 114, 115, 116, 117, 118, 119, 120, 121, 122, 123, 124, 125, 126, 127, 128, 129, 130, 131, 132, 133, 137, 140, 144, 145, 
0, 95, 97, 99, 103, 105, 108, 112, 114, 115, 120, 121, 125, 128, 131, 133, 134, 135, 136, 137, 142, 144, 275, 287, 
0, 100, 101, 102, 115, 116, 120, 121, 122, 125, 126, 127, 128, 132, 133, 134, 135, 136, 137, 
0, 101, 115, 121, 124, 130, 131, 132, 134, 135, 136, 137, 138, 
0, 95, 107, 110, 111, 117, 118, 119, 129, 130, 132, 133, 134, 135, 136, 137, 138, 140, 
0, 102, 103, 104, 105, 106, 107, 108, 113, 116, 118, 119, 121, 124, 125, 126, 127, 128, 129, 130, 131, 132, 133, 134, 145, 340, 341, 342, 343, 344, 
0, 96, 99, 103, 105, 108, 109, 110, 111, 114, 118, 120, 122, 124, 125, 130, 131, 132, 133, 134, 
0, 98, 101, 103, 106, 111, 112, 117, 118, 123, 124, 126, 128, 131, 132, 133, 134, 135, 136, 137, 138, 143, 272, 
0, 94, 107, 108, 109, 110, 111, 112, 113, 114, 115, 116, 117, 118, 119, 120, 121, 122, 123, 124, 125, 126, 127, 128, 129, 130, 131, 132, 133, 134, 136, 139, 141, 145, 154, 278, 284, 
0, 93, 96, 100, 101, 108, 113, 119, 125, 126, 127, 131, 132, 134, 135, 136, 137, 141, 
0, 97, 98, 100, 106, 110, 111, 112, 113, 115, 116, 117, 118, 119, 120, 121, 122, 123, 124, 125, 126, 127, 128, 129, 130, 131, 132, 133, 134, 135, 136, 137, 138, 139, 140, 141, 212, 
0, 95, 100, 117, 121, 122, 125, 126, 128, 129, 132, 133, 134, 135, 136, 137, 138, 139, 140, 
0, 100, 108, 109, 113, 114, 116, 118, 126, 127, 128, 129, 130, 131, 132, 133, 134, 135, 141, 154, 270, 287, 289, 
0, 102, 103, 107, 109, 114, 115, 116, 117, 118, 119, 122, 123, 127, 130, 131, 132, 133, 134, 136, 137, 138, 139, 140, 141, 142, 143, 144, 145, 146, 147, 
0, 127, 136, 190, 210, 211, 212, 213, 233, 240, 241, 242, 260, 280, 282, 292, 293, 300, 301, 304, 310, 312, 320, 330, 340, 341, 342, 350, 351, 352, 353, 360, 361, 367, 380, 420, 421, 430, 440, 441, 450, 451, 452, 453, 454, 455, 460, 461, 
0, 101, 102, 104, 107, 108, 113, 114, 115, 116, 117, 119, 122, 123, 124, 127, 128, 129, 130, 131, 133, 138, 187, 193, 199, 202, 212, 214, 
0, 103, 109, 110, 111, 112, 113, 114, 115, 116, 117, 118, 119, 122, 123, 124, 125, 126, 127, 129, 130, 131, 132, 133, 134, 135, 136, 137, 138, 139, 140, 141, 142, 145, 146, 152, 170, 410, 
0, 91, 101, 102, 110, 114, 115, 118, 119, 122, 123, 127, 130, 131, 132, 133, 134, 135, 136, 137, 138, 139, 142, 147, 
0, 94, 98, 105, 110, 121, 125, 134, 136, 260, 300, 301, 390, 
0, 97, 100, 108, 109, 114, 118, 127, 128, 130, 134, 135, 136, 
0, 101, 112, 118, 131, 132, 134, 137, 138, 270, 
0, 104, 111, 115, 116, 120, 121, 127, 128, 129, 130, 131, 132, 133, 134, 135, 136, 137, 138, 340, 341, 450, 451, 452, 
0, 100, 107, 108, 109, 112, 113, 114, 115, 119, 120, 127, 128, 129, 131, 132, 133, 134, 135, 136, 137, 138, 139, 340, 341, 342, 343, 344, 
