0, 94, 
0, 200, 374, 
0, 131, 272, 
0, 209, 450, 451, 
0, 270, 372, 373, 
0, 103, 130, 373, 
0, 120, 274, 
0, 282, 361, 369, 450, 459, 
0, 362, 366, 453, 458, 
0, 188, 194, 
0, 208, 293, 366, 
0, 189, 368, 378, 
0, 294, 366, 372, 458, 
0, 93, 
0, 270, 365, 
0, 270, 376, 457, 
0, 109, 126, 202, 207, 
0, 97, 129, 
0, 198, 276, 279, 
0, 194, 360, 450, 
0, 203, 
0, 119, 282, 
0, 200, 450, 454, 
0, 204, 378, 
0, 187, 462, 464, 
0, 279, 455, 
0, 125, 288, 360, 375, 
0, 191, 378, 455, 
0, 191, 
0, 121, 291, 
0, 200, 363, 373, 
0, 91, 
0, 207, 464, 
0, 279, 456, 
0, 125, 370, 467, 
0, 292, 456, 459, 
0, 213, 275, 280, 284, 
0, 191, 450, 
0, 103, 128, 187, 188, 208, 
0, 278, 289, 451, 
0, 191, 454, 
0, 188, 201, 213, 271, 366, 
0, 189, 454, 
0, 103, 279, 281, 450, 
0, 110, 
0, 184, 285, 287, 
0, 200, 375, 453, 465, 
0, 107, 182, 
0, 111, 202, 
0, 181, 295, 462, 
0, 100, 115, 128, 136, 362, 
0, 281, 374, 
0, 199, 284, 
0, 124, 202, 
0, 123, 283, 466, 
0, 284, 293, 460, 
0, 180, 287, 
0, 360, 374, 
0, 270, 290, 
0, 97, 135, 375, 
0, 111, 119, 182, 
0, 280, 365, 455, 
